drones: {
'Parrot': {ip: '192.168.1.1', in_port: 57001, out_port: 58001},
'Polly': {ip: '192.168.10.151', in_port: 57151, out_port: 58151},
'Charlie': {ip: '192.168.10.152', in_port: 57152, out_port: 58152},
'Tweety': {ip: '192.168.10.153', in_port: 57153, out_port: 58153},
'Kevin': {ip: '192.168.10.154', in_port: 57154, out_port: 58154},
'Iago': {ip: '192.168.10.155', in_port: 57155, out_port: 58155}
}
drones_active: ['Parrot']

drone_front_camera: {
width: 640,
height: 360,
camera_matrix: [569.883158064802, 0, 331.403348466206, 0, 568.007065238522, 135.879365106014, 0, 0, 1],
distortion_coeff: [-0.526629354780687, 0.274357114262035, 0.0211426202132638, -0.0063942451330052, 0]
} 

drone_bottom_camera: {
width: 640,
height: 360,
camera_matrix: [700.490828918144, 0, 319.508832099787, 0, 701.654116650887, 218.740253550967, 0, 0, 1],
distortion_coeff: [0.0182389759532889, 0.0520276742502367, 0.00651075732801101, 0.000183496184521575, 0]
}
