front_camera: {
height: 360,
width: 640,
distortion_model: 'plumb_bob',
D: [-0.5173736284925894, 0.2801610617573354, -0.0009724867662645546, -0.0025287172850937054, 0.0],
K: [554.7469932033314, 0.0, 331.2387287163796, 0.0, 556.3735149877126, 202.394874304669, 0.0, 0.0, 1.0],
R: [1.0, 0.0, 0.0, 0.0, 1.0, 0.0, 0.0, 0.0, 1.0],
P: [448.4664001464844, 0.0, 332.31627407967426, 0.0, 0.0, 521.572998046875, 204.4119517263025, 0.0, 0.0, 0.0, 1.0, 0.0],
binning_x: 0,
binning_y: 0,
roi: { 
x_offset: 0,
y_offset: 0,
height: 0,
width: 0,
do_rectify: False,
}
}

bottom_camera: {
height: 360,
width: 640,
distortion_model: 'plumb_bob',
D: [-0.023159088708244107, 0.06559421474170977, -0.000385546561301167, 0.0034822752881653305, 0.0],
K: [654.8557191032281, 0.0, 333.8862760729746, 0.0, 658.341181449094, 205.36177866563366, 0.0, 0.0, 1.0],
R: [1.0, 0.0, 0.0, 0.0, 1.0, 0.0, 0.0, 0.0, 1.0],
P: [653.4686889648438, 0.0, 335.0548331025457, 0.0, 0.0, 657.9822998046875, 204.62658590716092, 0.0, 0.0, 0.0, 1.0, 0.0],
binning_x: 0,
binning_y: 0,
roi: { 
x_offset: 0,
y_offset: 0,
height: 0,
width: 0,
do_rectify: True,
}
}

